name: BNN-gpu-py37
channels:
  - conda-forge
  - defaults
dependencies:
  - _libgcc_mutex=0.1=main
  - _tflow_select=2.1.0=gpu
  - absl-py=0.12.0=py37h06a4308_0
  - astor=0.8.1=py37h06a4308_0
  - blas=1.0=mkl
  - bzip2=1.0.8=h516909a_3
  - c-ares=1.17.1=h27cfd23_0
  - ca-certificates=2020.12.5=ha878542_0
  - certifi=2020.12.5=py37h89c1867_1
  - coverage=5.5=py37h27cfd23_2
  - cudatoolkit=10.1.243=h6bb024c_0
  - cudnn=7.6.5=cuda10.1_0
  - cupti=10.1.168=0
  - cython=0.29.23=py37h2531618_0
  - ffmpeg=4.3.1=h3215721_1
  - freetype=2.10.4=h7ca028e_0
  - gast=0.4.0=py_0
  - gmp=6.2.1=h58526e2_0
  - gnutls=3.6.13=h85f3911_1
  - google-pasta=0.2.0=py_0
  - grpcio=1.36.1=py37h2157cd5_1
  - h5py=2.10.0=py37hd6299e0_1
  - hdf5=1.10.6=hb1b8bf9_0
  - importlib-metadata=3.10.0=py37h06a4308_0
  - intel-openmp=2021.2.0=h06a4308_610
  - keras-applications=1.0.8=py_1
  - keras-base=2.3.1=py37_0
  - keras-gpu=2.3.1=0
  - keras-preprocessing=1.1.2=pyhd3eb1b0_0
  - lame=3.100=h14c3975_1001
  - libedit=3.1.20210216=h27cfd23_1
  - libffi=3.2.1=hf484d3e_1007
  - libgcc-ng=9.1.0=hdf63c60_0
  - libgfortran-ng=7.3.0=hdf63c60_0
  - libiconv=1.16=h516909a_0
  - libpng=1.6.37=h21135ba_2
  - libprotobuf=3.14.0=h8c45485_0
  - libstdcxx-ng=9.1.0=hdf63c60_0
  - markdown=3.3.4=py37h06a4308_0
  - mkl=2021.2.0=h06a4308_296
  - mkl-service=2.3.0=py37h27cfd23_1
  - mkl_fft=1.3.0=py37h42c9631_2
  - mkl_random=1.2.1=py37ha9443f7_2
  - ncurses=6.2=he6710b0_1
  - nettle=3.6=he412f7d_0
  - openh264=2.1.1=h8b12597_0
  - openssl=1.1.1k=h27cfd23_0
  - pip=21.0.1=py37h06a4308_0
  - protobuf=3.14.0=py37h2531618_1
  - python=3.7.1=h0371630_7
  - python_abi=3.7=1_cp37m
  - pyyaml=5.4.1=py37h27cfd23_1
  - readline=7.0=h7b6447c_5
  - scipy=1.6.2=py37had2a1c9_1
  - setuptools=52.0.0=py37h06a4308_0
  - six=1.15.0=py37h06a4308_0
  - sqlite=3.33.0=h62c20be_0
  - tensorboard=1.14.0=py37hf484d3e_0
  - tensorflow=1.14.0=gpu_py37h74c33d7_0
  - tensorflow-base=1.14.0=gpu_py37he45bfe2_0
  - tensorflow-estimator=1.14.0=py_0
  - tensorflow-gpu=1.14.0=h0d30ee6_0
  - termcolor=1.1.0=py37h06a4308_1
  - tk=8.6.10=hbc83047_0
  - typing_extensions=3.7.4.3=pyha847dfd_0
  - werkzeug=1.0.1=pyhd3eb1b0_0
  - wheel=0.36.2=pyhd3eb1b0_0
  - wrapt=1.12.1=py37h7b6447c_1
  - x264=1!152.20180806=h14c3975_0
  - xz=5.2.5=h7b6447c_0
  - yaml=0.2.5=h7b6447c_0
  - zipp=3.4.1=pyhd3eb1b0_0
  - zlib=1.2.11=h7b6447c_3
  - pip:
    - audioread==2.1.9
    - cffi==1.14.5
    - cycler==0.10.0
    - decorator==4.4.2
    - dnspython==1.16.0
    - future==0.18.2
    - imageio==2.9.0
    - joblib==1.0.1
    - kiwisolver==1.3.1
    - librosa==0.7.2
    - llvmlite==0.31.0
    - matplotlib==3.2.1
    - networkx==2.5.1
    - numba==0.48.0
    - numpy==1.18.1
    - pandas==1.2.4
    - pillow==8.2.0
    - pycparser==2.20
    - pyloudnorm==0.1.0
    - pymongo==3.12.0
    - pyparsing==2.4.7
    - python-dateutil==2.8.1
    - pytz==2021.1
    - pywavelets==1.1.1
    - resampy==0.2.2
    - scikit-image==0.17.2
    - scikit-learn==0.24.2
    - soundfile==0.10.3.post1
    - threadpoolctl==2.1.0
    - tifffile==2021.4.8
    - webrtcvad==2.0.10
    - webrtcvad-wheels==2.0.10.post2
prefix: /opt/anaconda/anaconda3/envs/BNN-gpu-py37

