name: TF2-BNN-gpu
channels:
  - conda-forge
  - defaults
dependencies:
  - _libgcc_mutex=0.1=main
  - _tflow_select=2.1.0=gpu
  - astor=0.8.1=py37h06a4308_0
  - blas=1.0=mkl
  - bzip2=1.0.8=h516909a_3
  - c-ares=1.17.1=h27cfd23_0
  - ca-certificates=2020.12.5=ha878542_0
  - coverage=5.5=py37h27cfd23_2
  - cudatoolkit=10.1.243=h6bb024c_0
  - cudnn=7.6.5=cuda10.1_0
  - cupti=10.1.168=0
  - cython=0.29.23=py37h2531618_0
  - ffmpeg=4.3.1=h3215721_1
  - freetype=2.10.4=h7ca028e_0
  - gast=0.4.0=py_0
  - gmp=6.2.1=h58526e2_0
  - gnutls=3.6.13=h85f3911_1
  - google-pasta=0.2.0=py_0
  - h5py=2.10.0=py37hd6299e0_1
  - hdf5=1.10.6=hb1b8bf9_0
  - intel-openmp=2021.2.0=h06a4308_610
  - keras-applications=1.0.8=py_1
  - keras-gpu=2.3.1=0
  - keras-preprocessing=1.1.2=pyhd3eb1b0_0
  - lame=3.100=h14c3975_1001
  - libblas=3.9.0=9_mkl
  - libcblas=3.9.0=9_mkl
  - libedit=3.1.20210216=h27cfd23_1
  - libffi=3.2.1=hf484d3e_1007
  - libgcc-ng=9.1.0=hdf63c60_0
  - libgfortran-ng=7.3.0=hdf63c60_0
  - libiconv=1.16=h516909a_0
  - liblapack=3.9.0=9_mkl
  - libpng=1.6.37=h21135ba_2
  - libprotobuf=3.14.0=h8c45485_0
  - libstdcxx-ng=9.1.0=hdf63c60_0
  - mkl=2021.2.0=h06a4308_296
  - mkl-service=2.3.0=py37h27cfd23_1
  - mkl_fft=1.3.0=py37h42c9631_2
  - mkl_random=1.2.1=py37ha9443f7_2
  - ncurses=6.2=he6710b0_1
  - nettle=3.6=he412f7d_0
  - openh264=2.1.1=h8b12597_0
  - openssl=1.1.1k=h27cfd23_0
  - pip=21.0.1=py37h06a4308_0
  - python=3.7.1=h0371630_7
  - python_abi=3.7=1_cp37m
  - pyyaml=5.4.1=py37h27cfd23_1
  - readline=7.0=h7b6447c_5
  - scipy=1.6.2=py37had2a1c9_1
  - sqlite=3.33.0=h62c20be_0
  - tensorflow-estimator=1.14.0=py_0
  - tensorflow-gpu=1.14.0=h0d30ee6_0
  - termcolor=1.1.0=py37h06a4308_1
  - tk=8.6.10=hbc83047_0
  - x264=1!152.20180806=h14c3975_0
  - xz=5.2.5=h7b6447c_0
  - yaml=0.2.5=h7b6447c_0
  - zlib=1.2.11=h7b6447c_3
  - pip:
    - absl-py==1.0.0
    - astunparse==1.6.3
    - audioread==2.1.9
    - backcall==0.2.0
    - cached-property==1.5.2
    - cachetools==5.0.0
    - certifi==2021.10.8
    - cffi==1.14.5
    - charset-normalizer==2.0.12
    - cycler==0.10.0
    - decorator==4.4.2
    - dnspython==1.16.0
    - flatbuffers==2.0
    - future==0.18.2
    - google-auth==2.6.5
    - google-auth-oauthlib==0.4.6
    - grpcio==1.44.0
    - idna==3.3
    - imageio==2.9.0
    - importlib-metadata==4.11.3
    - ipython==7.32.0
    - jedi==0.18.1
    - joblib==1.0.1
    - keras==2.8.0
    - kiwisolver==1.3.1
    - libclang==13.0.0
    - librosa==0.7.2
    - llvmlite==0.31.0
    - markdown==3.3.6
    - matplotlib==3.2.1
    - matplotlib-inline==0.1.3
    - networkx==2.5.1
    - numba==0.48.0
    - numpy==1.21.6
    - oauthlib==3.2.0
    - opt-einsum==3.3.0
    - pandas==1.2.4
    - parso==0.8.3
    - pexpect==4.8.0
    - pickleshare==0.7.5
    - pillow==8.2.0
    - prompt-toolkit==3.0.29
    - protobuf==3.20.0
    - ptyprocess==0.7.0
    - pyasn1==0.4.8
    - pyasn1-modules==0.2.8
    - pycparser==2.20
    - pygments==2.11.2
    - pyloudnorm==0.1.0
    - pymongo==3.12.0
    - pyparsing==2.4.7
    - python-dateutil==2.8.1
    - pytz==2021.1
    - pywavelets==1.1.1
    - requests==2.27.1
    - requests-oauthlib==1.3.1
    - resampy==0.2.2
    - rsa==4.8
    - scikit-image==0.17.2
    - scikit-learn==0.24.2
    - setuptools==62.1.0
    - six==1.16.0
    - soundfile==0.10.3.post1
    - tensorboard==2.8.0
    - tensorboard-data-server==0.6.1
    - tensorboard-plugin-wit==1.8.1
    - tensorflow==2.8.0
    - tensorflow-io-gcs-filesystem==0.24.0
    - tf-estimator-nightly==2.8.0.dev2021122109
    - threadpoolctl==2.1.0
    - tifffile==2021.4.8
    - traitlets==5.1.1
    - typing-extensions==4.2.0
    - urllib3==1.26.9
    - wcwidth==0.2.5
    - webrtcvad==2.0.10
    - webrtcvad-wheels==2.0.10.post2
    - werkzeug==2.1.1
    - wheel==0.37.1
    - wrapt==1.14.0
    - zipp==3.8.0
prefix: /opt/anaconda/anaconda3/envs/TF2-BNN-gpu
